(37.9e-3 0.05e-3 9.453125e-06)
(37.9e-3 0.05e-3 2.8359375000000003e-05)
(37.9e-3 0.05e-3 4.7265625000000005e-05)
(37.9e-3 0.05e-3 6.6171875e-05)
(37.9e-3 0.05e-3 8.5078125e-05)
(37.9e-3 0.05e-3 0.000103984375)
(37.9e-3 0.05e-3 0.000122890625)
(37.9e-3 0.05e-3 0.00014179687500000002)
(37.9e-3 0.05e-3 0.000160703125)
(37.9e-3 0.05e-3 0.000179609375)
(37.9e-3 0.05e-3 0.00019851562500000002)
(37.9e-3 0.05e-3 0.00021742187500000003)
(37.9e-3 0.05e-3 0.00023632812500000002)
(37.9e-3 0.05e-3 0.00025523437500000004)
(37.9e-3 0.05e-3 0.0002741406250000001)
(37.9e-3 0.05e-3 0.00029304687500000007)
(37.9e-3 0.05e-3 0.00031195312500000006)
(37.9e-3 0.05e-3 0.00033085937500000004)
(37.9e-3 0.05e-3 0.00034976562500000003)
(37.9e-3 0.05e-3 0.0003686718750000001)
(37.9e-3 0.05e-3 0.00038757812500000006)
(37.9e-3 0.05e-3 0.00040648437500000005)
(37.9e-3 0.05e-3 0.0004253906250000001)
(37.9e-3 0.05e-3 0.0004442968750000001)
(37.9e-3 0.05e-3 0.0004632031250000001)
(37.9e-3 0.05e-3 0.00048210937500000006)
(37.9e-3 0.05e-3 0.000501015625)
(37.9e-3 0.05e-3 0.0005199218750000001)
(37.9e-3 0.05e-3 0.0005388281250000001)
(37.9e-3 0.05e-3 0.0005577343750000001)
(37.9e-3 0.05e-3 0.0005766406250000001)
(37.9e-3 0.05e-3 0.000595546875)
(37.9e-3 0.05e-3 0.0006144531250000001)
(37.9e-3 0.05e-3 0.0006333593750000001)
(37.9e-3 0.05e-3 0.0006522656250000001)
(37.9e-3 0.05e-3 0.0006711718750000001)
(37.9e-3 0.05e-3 0.000690078125)
(37.9e-3 0.05e-3 0.0007089843750000001)
(37.9e-3 0.05e-3 0.0007278906250000001)
(37.9e-3 0.05e-3 0.0007467968750000001)
(37.9e-3 0.05e-3 0.0007657031250000001)
(37.9e-3 0.05e-3 0.0007846093750000002)
(37.9e-3 0.05e-3 0.0008035156250000001)
(37.9e-3 0.05e-3 0.0008224218750000001)
(37.9e-3 0.05e-3 0.0008413281250000002)
(37.9e-3 0.05e-3 0.0008602343750000001)
(37.9e-3 0.05e-3 0.0008791406250000001)
(37.9e-3 0.05e-3 0.0008980468750000001)
(37.9e-3 0.05e-3 0.0009169531250000001)
(37.9e-3 0.05e-3 0.0009358593750000002)
(37.9e-3 0.05e-3 0.0009547656250000001)
(37.9e-3 0.05e-3 0.0009736718750000001)
(37.9e-3 0.05e-3 0.000992578125)
(37.9e-3 0.05e-3 0.001011484375)
(37.9e-3 0.05e-3 0.001030390625)
(37.9e-3 0.05e-3 0.001049296875)
(37.9e-3 0.05e-3 0.0010682031250000001)
(37.9e-3 0.05e-3 0.001087109375)
(37.9e-3 0.05e-3 0.001106015625)
(37.9e-3 0.05e-3 0.001124921875)
(37.9e-3 0.05e-3 0.001143828125)
(37.9e-3 0.05e-3 0.0011627343750000001)
(37.9e-3 0.05e-3 0.001181640625)
(37.9e-3 0.05e-3 0.001200546875)